# Eint(Ref)    Eint(Model)
     -1.06099142E-02      -1.18182775E-02       3.54396942E-01       3.50877792E-01       1.67540259E-01       1.67213874E-01
     -1.11015456E-03      -3.59816258E-04       9.29284153E-02       9.43877664E-02       8.78818614E-02       8.35292323E-02
     -2.66605845E-03      -2.67022554E-03       1.86929409E-01       1.90622389E-01       9.92701224E-02       9.90040513E-02
     -1.48594009E-02      -1.55804191E-02       4.05140495E-01       4.21043462E-01       1.19985197E-01       1.37965102E-01
     -3.44228084E-03      -4.60493255E-03       1.89791169E-01       1.86266327E-01       1.24728544E-01       1.26843913E-01
     -1.42209116E-02      -1.45943654E-02       4.39895235E-01       4.43252594E-01       2.05574617E-01       2.06585209E-01
     -9.11857527E-03      -8.32206151E-03       3.26578213E-01       3.30592070E-01       1.88633646E-01       1.89964970E-01
     -1.00767055E-02      -1.01874109E-02       3.59222531E-01       3.49497508E-01       1.47146716E-01       1.43716155E-01
     -2.32092886E-03      -2.45530379E-03       1.68493128E-01       1.70453451E-01       1.11105345E-01       1.17641772E-01
     -5.52983428E-03      -4.27702381E-03       2.61096842E-01       2.59833561E-01       2.35416407E-01       2.26139165E-01
     -1.12434787E-03      -2.12814744E-03       1.00429304E-01       1.00900785E-01       7.47717856E-02       7.98454331E-02
     -2.69043596E-03      -2.18134402E-03       1.77108790E-01       1.81429965E-01       1.19944549E-01       1.14201322E-01
     -9.43853275E-03      -9.51363041E-03       3.88145368E-01       3.80486282E-01       3.54916043E-01       3.42823462E-01
     -1.37080700E-02      -1.48841891E-02       4.82077308E-01       4.74930514E-01       4.87634202E-01       4.60297654E-01
     -1.34811537E-03      -1.36316920E-03       1.00914248E-01       1.00253721E-01       1.00530543E-01       7.77356071E-02
     -2.65900739E-03      -2.09498451E-03       1.71166357E-01       1.68898605E-01       1.03839832E-01       8.65544789E-02
     -1.22290720E-03      -1.69900525E-03       1.06745081E-01       1.08148279E-01       1.20002883E-01       1.19522857E-01
     -2.91601394E-03      -2.22592613E-03       1.86648169E-01       1.90540806E-01       6.70165325E-02       6.24450389E-02
     -3.54840342E-03      -3.20831876E-03       2.04404620E-01       2.05123543E-01       1.45312426E-01       1.39756461E-01
     -5.08578090E-03      -4.16743201E-03       2.38258437E-01       2.39302928E-01       1.40920872E-01       1.49853806E-01
     -9.52220396E-03      -8.83362889E-03       3.33190737E-01       3.29948933E-01       1.89045454E-01       2.02783396E-01
     -3.53376840E-03      -4.01089157E-03       1.93658757E-01       2.03021343E-01       5.92606165E-02       8.06854489E-02
     -7.80945064E-04      -7.13739462E-04       6.74617986E-02       6.51157122E-02       8.36828515E-02       8.06986290E-02
     -6.66404718E-03      -5.50757172E-03       3.02185592E-01       3.00540113E-01       1.28858532E-01       1.31761550E-01
     -6.85999391E-03      -6.74401078E-03       2.68966651E-01       2.68240747E-01       1.42600884E-01       1.48234822E-01
     -7.61632066E-03      -6.84430883E-03       3.00925793E-01       2.99552422E-01       1.11918417E-01       1.22133879E-01
     -4.42741232E-03      -3.06483382E-03       2.19084233E-01       2.08335009E-01       1.50328126E-01       1.28989923E-01
     -2.29506716E-03      -3.03646701E-03       1.54728276E-01       1.58017587E-01       6.12334011E-02       6.67336530E-02
     -6.13980955E-04      -3.28264772E-04       8.23413843E-02       8.64961465E-02       5.48220558E-02       6.19202008E-02
     -8.51809505E-03      -8.41863637E-03       3.32266354E-01       3.30397197E-01       8.63070789E-02       8.96925405E-02
     -4.57551748E-03      -3.25567585E-03       2.28103153E-01       2.33390809E-01       1.35486469E-01       1.29148949E-01
     -1.33339200E-02      -1.21531757E-02       3.99122875E-01       3.87193486E-01       2.08232075E-01       1.87070908E-01
     -6.43179084E-03      -6.18694125E-03       2.77306141E-01       2.63944875E-01       1.32233633E-01       1.09612176E-01
     -1.54763076E-03      -2.11103275E-03       1.18510625E-01       1.20871870E-01       4.88140770E-02       5.05196377E-02
     -2.06188160E-02      -2.02851687E-02       5.07756867E-01       5.04848234E-01       1.68738706E-01       1.62024219E-01
     -1.59542542E-03      -1.66627598E-03       1.30639001E-01       1.33250881E-01       7.72761058E-02       9.19281512E-02
     -8.25279167E-03      -7.85326184E-03       3.16449473E-01       3.01998502E-01       1.80365751E-01       1.82053097E-01
     -1.92590459E-03      -2.23945701E-03       1.21210244E-01       1.31264104E-01       8.76089638E-02       8.39122486E-02
     -5.51920712E-03      -5.28595815E-03       2.55161801E-01       2.58033543E-01       1.33211586E-01       1.35528596E-01
     -2.05484749E-03      -2.01597598E-03       1.46822763E-01       1.50883467E-01       6.90960867E-02       6.96483291E-02
     -4.03831614E-03      -3.94742325E-03       2.32766505E-01       2.30705616E-01       1.79593838E-01       1.86800481E-01
     -4.48434729E-03      -4.09018014E-03       2.27264171E-01       2.20309091E-01       1.01392135E-01       1.02009230E-01
     -1.56617793E-03      -1.31938385E-03       1.23265963E-01       1.24172189E-01       1.00679809E-01       8.99603554E-02
     -4.43955318E-03      -3.35342352E-03       2.48566630E-01       2.53058565E-01       2.05102942E-01       2.08331310E-01
     -2.36447313E-03      -2.15781705E-03       1.69970401E-01       1.72880243E-01       8.67512814E-02       1.03389226E-01
     -1.25829039E-02      -1.20876935E-02       3.84496471E-01       3.79903793E-01       1.85489968E-01       1.71434519E-01
     -3.51574241E-03      -3.00422395E-03       2.10694286E-01       2.06891523E-01       1.29591543E-01       1.28259988E-01
     -2.03154936E-03      -1.78517462E-03       1.48124687E-01       1.53767507E-01       6.14303287E-02       7.29644624E-02
     -2.07401183E-03      -2.31758546E-03       1.50318921E-01       1.53196087E-01       1.00509655E-01       1.15086551E-01
     -1.53658721E-03      -1.23848851E-03       1.30169529E-01       1.27496982E-01       8.54488220E-02       7.62263585E-02
     -1.08306023E-03      -4.55641098E-04       8.08239982E-02       8.27773335E-02       6.92743870E-02       8.50100199E-02
     -4.04849352E-03      -4.23109305E-03       2.06388918E-01       2.13274199E-01       1.82661806E-01       1.95517976E-01
     -4.47597140E-03      -3.88654904E-03       2.44665675E-01       2.50375536E-01       1.74299806E-01       1.84155861E-01
     -6.65020719E-03      -6.53958115E-03       2.75731203E-01       2.68615318E-01       1.14611422E-01       1.19222261E-01
     -2.03961847E-03      -8.48587836E-04       1.46835202E-01       1.50419875E-01       1.34523095E-01       1.49177183E-01
     -1.73756223E-02      -1.77073274E-02       5.33326873E-01       5.18179013E-01       4.51988245E-01       4.22727894E-01
     -3.34754699E-03      -3.41941720E-03       1.90985503E-01       1.97070727E-01       1.77270343E-01       1.83333090E-01
     -1.93453450E-03      -1.94909308E-03       1.30155855E-01       1.28686433E-01       1.27561472E-01       1.15345259E-01
     -5.91660222E-03      -5.57929682E-03       2.63679105E-01       2.57193533E-01       1.56448876E-01       1.55499361E-01
     -5.53114737E-03      -4.92527780E-03       2.39537849E-01       2.50948752E-01       3.26237294E-02       4.08784746E-02
     -1.56251307E-03      -2.24696880E-03       1.22322138E-01       1.22588476E-01       1.08179146E-01       1.21232199E-01
     -4.79529522E-03      -5.37069028E-03       2.54585093E-01       2.58655458E-01       1.99737401E-01       2.13352953E-01
     -3.63236110E-03      -2.85538749E-03       1.84786696E-01       1.77491244E-01       1.11210940E-01       1.07828974E-01
     -1.23999200E-03      -9.77558036E-04       8.36690864E-02       9.08691690E-02       1.05714893E-01       9.70554086E-02
     -6.70621582E-03      -6.83655325E-03       3.01773368E-01       3.05982009E-01       2.80830830E-01       2.81356603E-01
     -3.04475473E-03      -2.49236876E-03       1.96483009E-01       2.00103638E-01       1.13474991E-01       1.19305856E-01
     -8.28671331E-03      -6.61597005E-03       3.08863239E-01       3.05326364E-01       1.85416169E-01       1.64507960E-01
     -4.40546303E-03      -4.00478272E-03       2.17583484E-01       2.24109411E-01       1.44323262E-01       1.53135028E-01
     -3.48995961E-03      -3.23560393E-03       2.14828714E-01       2.24317011E-01       1.42419092E-01       1.46190873E-01
     -1.25844577E-03      -1.07207434E-03       8.19295850E-02       7.90967465E-02       9.80568575E-02       8.29355601E-02
     -5.31716737E-03      -5.45678853E-03       2.48040514E-01       2.39486438E-01       1.42990487E-01       1.43446463E-01
     -2.08111963E-03      -1.32936425E-03       1.36782362E-01       1.42167071E-01       3.25517300E-02       3.66036924E-02
     -2.13161336E-03      -1.99140704E-03       1.43248731E-01       1.34579829E-01       7.28714878E-02       6.67264249E-02
     -6.70735252E-03      -6.32108919E-03       2.61558911E-01       2.65967668E-01       1.50202179E-01       1.55790171E-01
     -3.13053208E-03      -3.86605283E-03       1.69488310E-01       1.75772244E-01       1.24442261E-01       1.20724883E-01
     -9.16838121E-03      -8.02564435E-03       3.61092709E-01       3.67103770E-01       2.49041882E-01       2.51601307E-01
     -9.87176602E-03      -9.28497345E-03       3.53657616E-01       3.43255799E-01       1.62764136E-01       1.63237401E-01
     -2.29875327E-03      -1.85954168E-03       1.56492561E-01       1.61277489E-01       9.13023609E-02       9.90987327E-02
     -4.10968265E-03      -3.96181354E-03       1.90190050E-01       2.05072869E-01       8.14732646E-02       7.48679242E-02
     -4.46148822E-03      -5.26063601E-03       2.14082045E-01       2.23162123E-01       1.09171941E-01       1.13880178E-01
     -6.81272926E-03      -5.93053665E-03       2.91715718E-01       2.94737215E-01       1.37897224E-01       1.42970367E-01
     -6.37009008E-03      -6.16599824E-03       2.64974296E-01       2.78909133E-01       1.23263440E-01       1.07608324E-01
     -9.07994600E-04      -8.99782632E-04       8.15876660E-02       8.06956771E-02       6.65273808E-02       6.73799445E-02
     -1.82655613E-03      -1.72688884E-03       1.32879289E-01       1.34495066E-01       1.21033383E-01       1.28428702E-01
     -5.73461775E-03      -6.32862383E-03       2.57913879E-01       2.46337176E-01       1.65453362E-01       1.50176471E-01
     -4.29398224E-03      -3.59762479E-03       2.16482180E-01       2.16463724E-01       1.50446117E-01       1.43497763E-01
     -1.22501657E-03      -1.98446713E-03       9.43890623E-02       1.06705999E-01       7.36420241E-02       7.26875072E-02
     -9.02677317E-03      -8.25504591E-03       3.40170678E-01       3.43234052E-01       1.71734668E-01       1.89675430E-01
     -4.38898226E-03      -3.97904931E-03       2.40540737E-01       2.41366886E-01       1.51254533E-01       1.52913229E-01
     -2.49626910E-03      -2.31021362E-03       1.49791251E-01       1.54639710E-01       7.24610119E-02       7.55502805E-02
     -9.28684615E-03      -9.04017269E-03       3.75073227E-01       3.76708579E-01       3.13837214E-01       3.25604910E-01
     -4.47360249E-03      -5.11077680E-03       2.08542117E-01       2.02073787E-01       1.70935022E-01       1.58745460E-01
     -2.67693301E-03      -2.91625312E-03       1.75235746E-01       1.81542112E-01       1.29260939E-01       1.38835828E-01
     -9.50578861E-03      -9.27357538E-03       3.49457173E-01       3.48023294E-01       1.43600088E-01       1.28375746E-01
     -6.55535235E-03      -4.93587743E-03       2.75494579E-01       2.74812574E-01       1.92559587E-01       1.79729603E-01
     -9.18487799E-03      -1.01450405E-02       3.59237603E-01       3.56664331E-01       3.36550343E-01       3.31890687E-01
     -2.08468024E-03      -2.12609786E-03       1.66356551E-01       1.67229859E-01       1.12501792E-01       1.14222960E-01
     -7.48998338E-03      -7.33905995E-03       2.93581766E-01       2.96434259E-01       1.46238043E-01       1.35595649E-01
     -3.47872520E-03      -3.13517912E-03       1.94470335E-01       1.97029055E-01       9.80514258E-02       1.11388217E-01
     -2.81686641E-03      -3.26831701E-03       1.70558173E-01       1.68123895E-01       7.32711766E-02       7.44149752E-02
