# Eint(Ref)    Eint(Model)
     -1.06099142E-02      -2.07772855E-02       3.54396942E-01       3.40235039E-01       1.67540259E-01       1.50451021E-01
     -1.11015456E-03       2.68995354E-04       9.29284153E-02       9.98433639E-02       8.78818614E-02       8.89039866E-02
     -2.66605845E-03      -6.25411648E-03       1.86929409E-01       1.94715932E-01       9.92701224E-02       8.93078567E-02
     -1.48594009E-02      -2.86524349E-02       4.05140495E-01       4.17636994E-01       1.19985197E-01       9.52971867E-02
     -3.44228084E-03      -7.15298868E-03       1.89791169E-01       1.87033654E-01       1.24728544E-01       1.14255094E-01
     -1.42209116E-02      -2.46854196E-02       4.39895235E-01       4.44204087E-01       2.05574617E-01       2.33894078E-01
     -9.11857527E-03      -2.77157833E-02       3.26578213E-01       3.32183575E-01       1.88633646E-01       1.96189605E-01
     -1.00767055E-02      -1.84361303E-02       3.59222531E-01       3.57951341E-01       1.47146716E-01       1.83125506E-01
     -2.32092886E-03      -5.70144871E-03       1.68493128E-01       1.66949951E-01       1.11105345E-01       1.14187795E-01
     -5.52983428E-03      -1.82845088E-02       2.61096842E-01       2.81894757E-01       2.35416407E-01       2.80100372E-01
     -1.12434787E-03      -1.51049887E-03       1.00429304E-01       9.49881894E-02       7.47717856E-02       7.72720664E-02
     -2.69043596E-03      -6.54022208E-03       1.77108790E-01       1.84546066E-01       1.19944549E-01       1.25362338E-01
     -9.43853275E-03      -2.41360068E-02       3.88145368E-01       3.49562625E-01       3.54916043E-01       2.72981952E-01
     -1.37080700E-02      -2.39047061E-02       4.82077308E-01       4.28118619E-01       4.87634202E-01       3.70336862E-01
     -1.34811537E-03      -4.45231865E-03       1.00914248E-01       1.04345508E-01       1.00530543E-01       8.66130765E-02
     -2.65900739E-03      -2.16072299E-03       1.71166357E-01       1.69968388E-01       1.03839832E-01       8.89959221E-02
     -1.22290720E-03      -1.75948396E-03       1.06745081E-01       1.13311866E-01       1.20002883E-01       1.25405569E-01
     -2.91601394E-03      -8.60728423E-03       1.86648169E-01       1.92600890E-01       6.70165325E-02       6.11062460E-02
     -3.54840342E-03      -1.26985171E-02       2.04404620E-01       1.98693191E-01       1.45312426E-01       1.35219724E-01
     -5.08578090E-03      -8.47504907E-03       2.38258437E-01       2.53123299E-01       1.40920872E-01       1.87381092E-01
     -9.52220396E-03      -2.14870758E-02       3.33190737E-01       3.45189860E-01       1.89045454E-01       2.25004318E-01
     -3.53376840E-03      -5.70458942E-03       1.93658757E-01       1.99781054E-01       5.92606165E-02       6.60085355E-02
     -7.80945064E-04      -4.97479455E-03       6.74617986E-02       7.40814633E-02       8.36828515E-02       9.70217519E-02
     -6.66404718E-03      -1.66726700E-02       3.02185592E-01       3.07469803E-01       1.28858532E-01       1.48949466E-01
     -6.85999391E-03      -9.38419370E-03       2.68966651E-01       2.66432576E-01       1.42600884E-01       1.37915253E-01
     -7.61632066E-03      -1.56341719E-02       3.00925793E-01       3.04872904E-01       1.11918417E-01       1.27645410E-01
     -4.42741232E-03      -9.50761426E-03       2.19084233E-01       2.20472793E-01       1.50328126E-01       1.42711676E-01
     -2.29506716E-03      -1.58410175E-03       1.54728276E-01       1.56480073E-01       6.12334011E-02       7.30948655E-02
     -6.13980955E-04      -5.26243155E-04       8.23413843E-02       8.85753870E-02       5.48220558E-02       6.63785114E-02
     -8.51809505E-03      -1.24904711E-02       3.32266354E-01       3.23124552E-01       8.63070789E-02       1.01109358E-01
     -4.57551748E-03      -4.38376702E-03       2.28103153E-01       2.37442171E-01       1.35486469E-01       1.32955177E-01
     -1.33339200E-02      -3.24944808E-02       3.99122875E-01       4.02101011E-01       2.08232075E-01       1.76464732E-01
     -6.43179084E-03      -8.82602784E-03       2.77306141E-01       2.62220855E-01       1.32233633E-01       5.72170369E-02
     -1.54763076E-03       1.46700827E-03       1.18510625E-01       1.17613582E-01       4.88140770E-02       5.91512417E-02
     -2.06188160E-02      -4.26221167E-02       5.07756867E-01       5.10579755E-01       1.68738706E-01       2.03007340E-01
     -1.59542542E-03      -5.89270303E-03       1.30639001E-01       1.30245641E-01       7.72761058E-02       8.62189769E-02
     -8.25279167E-03      -1.98846374E-02       3.16449473E-01       3.01760865E-01       1.80365751E-01       1.26846059E-01
     -1.92590459E-03      -5.95954189E-03       1.21210244E-01       1.30885783E-01       8.76089638E-02       9.67501211E-02
     -5.51920712E-03      -1.01983367E-02       2.55161801E-01       2.62954576E-01       1.33211586E-01       1.54567015E-01
     -2.05484749E-03      -1.00564650E-02       1.46822763E-01       1.54861359E-01       6.90960867E-02       6.71385431E-02
     -4.03831614E-03      -1.32753597E-02       2.32766505E-01       2.20527943E-01       1.79593838E-01       1.68426950E-01
     -4.48434729E-03      -9.60189838E-03       2.27264171E-01       2.17283130E-01       1.01392135E-01       9.80985350E-02
     -1.56617793E-03      -2.75599137E-03       1.23265963E-01       1.23245381E-01       1.00679809E-01       8.97362378E-02
     -4.43955318E-03      -9.19140529E-03       2.48566630E-01       2.52914453E-01       2.05102942E-01       2.09204360E-01
     -2.36447313E-03      -1.55469359E-03       1.69970401E-01       1.74818595E-01       8.67512814E-02       1.14595408E-01
     -1.25829039E-02      -2.76769010E-02       3.84496471E-01       3.90896842E-01       1.85489968E-01       1.95323179E-01
     -3.51574241E-03      -6.30820446E-03       2.10694286E-01       2.05940767E-01       1.29591543E-01       1.23804853E-01
     -2.03154936E-03      -4.60435550E-03       1.48124687E-01       1.52689579E-01       6.14303287E-02       7.28469470E-02
     -2.07401183E-03      -7.72606126E-03       1.50318921E-01       1.54140724E-01       1.00509655E-01       1.08063001E-01
     -1.53658721E-03      -3.11500798E-03       1.30169529E-01       1.28358016E-01       8.54488220E-02       6.63460511E-02
     -1.08306023E-03      -6.54223346E-03       8.08239982E-02       8.48270609E-02       6.92743870E-02       9.33600062E-02
     -4.04849352E-03      -1.04346049E-02       2.06388918E-01       2.06144155E-01       1.82661806E-01       1.95099038E-01
     -4.47597140E-03      -9.32437473E-03       2.44665675E-01       2.47104345E-01       1.74299806E-01       1.92792737E-01
     -6.65020719E-03      -2.04040217E-02       2.75731203E-01       2.61947625E-01       1.14611422E-01       7.99490723E-02
     -2.03961847E-03      -5.76252211E-04       1.46835202E-01       1.51233328E-01       1.34523095E-01       1.47799119E-01
     -1.73756223E-02      -3.66886807E-02       5.33326873E-01       4.77151672E-01       4.51988245E-01       2.90517790E-01
     -3.34754699E-03      -9.35202646E-03       1.90985503E-01       1.93416298E-01       1.77270343E-01       1.59619490E-01
     -1.93453450E-03      -3.67914844E-03       1.30155855E-01       1.26527972E-01       1.27561472E-01       1.20841315E-01
     -5.91660222E-03      -1.61878684E-02       2.63679105E-01       2.52850578E-01       1.56448876E-01       1.48409219E-01
     -5.53114737E-03      -1.36217801E-02       2.39537849E-01       2.55309301E-01       3.26237294E-02       8.42107819E-02
     -1.56251307E-03      -3.65384381E-03       1.22322138E-01       1.15393864E-01       1.08179146E-01       1.07937070E-01
     -4.79529522E-03      -8.52599466E-03       2.54585093E-01       2.50535173E-01       1.99737401E-01       2.10886848E-01
     -3.63236110E-03      -1.22660889E-02       1.84786696E-01       1.89320646E-01       1.11210940E-01       1.10226359E-01
     -1.23999200E-03      -1.10947232E-03       8.36690864E-02       9.24549640E-02       1.05714893E-01       1.01464358E-01
     -6.70621582E-03      -2.19697645E-02       3.01773368E-01       3.03977850E-01       2.80830830E-01       2.81261745E-01
     -3.04475473E-03      -8.38407017E-03       1.96483009E-01       1.97529945E-01       1.13474991E-01       9.43933519E-02
     -8.28671331E-03      -2.22683613E-02       3.08863239E-01       3.40433210E-01       1.85416169E-01       2.38072064E-01
     -4.40546303E-03      -1.47824484E-02       2.17583484E-01       2.24973439E-01       1.44323262E-01       1.49538105E-01
     -3.48995961E-03      -1.05855615E-02       2.14828714E-01       2.18220168E-01       1.42419092E-01       1.25283683E-01
     -1.25844577E-03      -4.55837699E-03       8.19295850E-02       8.16474588E-02       9.80568575E-02       9.34312756E-02
     -5.31716737E-03      -1.16288644E-02       2.48040514E-01       2.41386122E-01       1.42990487E-01       1.40155058E-01
     -2.08111963E-03      -7.29125279E-03       1.36782362E-01       1.42568703E-01       3.25517300E-02       3.36477661E-02
     -2.13161336E-03      -7.91044380E-03       1.43248731E-01       1.31786109E-01       7.28714878E-02       6.84343246E-02
     -6.70735252E-03      -1.32666659E-02       2.61558911E-01       2.74815074E-01       1.50202179E-01       1.67809968E-01
     -3.13053208E-03      -6.62228334E-03       1.69488310E-01       1.78637945E-01       1.24442261E-01       1.29975902E-01
     -9.16838121E-03      -1.55444840E-02       3.61092709E-01       3.62173431E-01       2.49041882E-01       2.24655033E-01
     -9.87176602E-03      -1.84114781E-02       3.53657616E-01       3.41592313E-01       1.62764136E-01       1.22969349E-01
     -2.29875327E-03      -4.78354136E-03       1.56492561E-01       1.65698742E-01       9.13023609E-02       1.20366788E-01
     -4.10968265E-03      -7.47340204E-03       1.90190050E-01       2.04398342E-01       8.14732646E-02       7.86414540E-02
     -4.46148822E-03      -8.96962978E-03       2.14082045E-01       2.26044197E-01       1.09171941E-01       1.08719209E-01
     -6.81272926E-03      -1.75360842E-02       2.91715718E-01       2.96995052E-01       1.37897224E-01       1.24981050E-01
     -6.37009008E-03      -1.19490851E-02       2.64974296E-01       2.84121516E-01       1.23263440E-01       1.34190352E-01
     -9.07994600E-04       1.59877612E-03       8.15876660E-02       8.12442597E-02       6.65273808E-02       7.10278538E-02
     -1.82655613E-03       4.89497041E-04       1.32879289E-01       1.38850757E-01       1.21033383E-01       1.38166096E-01
     -5.73461775E-03      -1.79191648E-02       2.57913879E-01       2.39733000E-01       1.65453362E-01       1.08408700E-01
     -4.29398224E-03      -1.07564727E-02       2.16482180E-01       2.26270498E-01       1.50446117E-01       1.65573975E-01
     -1.22501657E-03      -6.82302795E-03       9.43890623E-02       1.02980607E-01       7.36420241E-02       7.71724904E-02
     -9.02677317E-03      -2.17691789E-02       3.40170678E-01       3.40153665E-01       1.71734668E-01       1.56403534E-01
     -4.38898226E-03      -1.09832542E-02       2.40540737E-01       2.47408219E-01       1.51254533E-01       1.20312297E-01
     -2.49626910E-03      -3.17088621E-03       1.49791251E-01       1.55041166E-01       7.24610119E-02       7.86411833E-02
     -9.28684615E-03      -2.13420642E-02       3.75073227E-01       3.55819533E-01       3.13837214E-01       2.51898148E-01
     -4.47360249E-03      -1.22386192E-02       2.08542117E-01       2.04721337E-01       1.70935022E-01       1.50162360E-01
     -2.67693301E-03      -1.15867165E-02       1.75235746E-01       1.85822099E-01       1.29260939E-01       1.47947090E-01
     -9.50578861E-03      -1.65123599E-02       3.49457173E-01       3.60580378E-01       1.43600088E-01       2.10012311E-01
     -6.55535235E-03      -1.58101515E-02       2.75494579E-01       3.11179833E-01       1.92559587E-01       2.53753386E-01
     -9.18487799E-03      -2.45223445E-02       3.59237603E-01       3.37419116E-01       3.36550343E-01       2.87255626E-01
     -2.08468024E-03      -7.00581281E-03       1.66356551E-01       1.68199910E-01       1.12501792E-01       1.14307997E-01
     -7.48998338E-03      -1.34484854E-02       2.93581766E-01       3.00820705E-01       1.46238043E-01       1.40415508E-01
     -3.47872520E-03      -1.29534837E-02       1.94470335E-01       2.03413928E-01       9.80514258E-02       1.10706406E-01
     -2.81686641E-03      -8.75883172E-03       1.70558173E-01       1.67996061E-01       7.32711766E-02       6.72416714E-02
