# BBI 6-31+G** 6D
# EFP2                                                        OEP                         DDS
# EXC              R1             R2             EXR          S1             S2           EXR          COU    IND   FQM
# 1                2              3              4            5              6            7            8      9     10
   -13.61350460    27.95081961   -5.45036584     8.88694917   28.90325018   -4.62438474   11.02035201  -12.61  -4.22  -5.81
    -8.70246636    17.51146010   -3.31236883     5.49662490   17.99375154   -2.17281108    6.18871820   -1.75  -1.26   3.17
   -12.33391932    25.25215482   -4.74444022     8.17379528   25.97956927   -4.44462063    9.20909442   -8.94  -2.81  -2.54
    -7.76648301    15.50929300   -2.93194855     4.81086144   15.91104911   -1.91415428    5.44774933   -1.22  -1.13   3.08
   -16.12018145    33.77948146   -6.09253113    11.56676887   34.83613357   -5.15811653   13.25312345  -12.01  -4.28  -3.04
    -8.78010668    18.04684347   -3.23667167     6.03006511   18.76001909   -2.31001098    7.11599451   -9.35  -2.86  -5.10
    -6.17114794    12.14526424   -2.25559234     3.71852396   12.75462349   -1.46805489    4.80340893   -8.58  -2.19  -5.97
    -7.92778169    15.83830258   -2.97338653     4.93713436   16.23809739   -1.85916152    5.55437978   -0.90  -1.12   3.51
   -15.44593102    31.88935176   -6.13251129    10.31090945   32.85950603   -5.62217509   12.33492850  -13.01  -4.43  -5.11
    -6.32656903    12.51532403   -2.23920724     3.94954777   13.14692518   -1.64363891    4.91263983   -8.08  -2.18  -5.36
   -12.53196685    25.01007524   -4.58380485     7.89430354   25.91626152   -4.46484181    9.45782436  -10.80  -3.23  -4.58 
    -8.85877749    17.79038020   -3.33820825     5.59339446   18.27706823   -1.99443393    6.26531580   -1.35  -1.25   3.65
   -15.03089653    31.66507959   -5.83846547    10.79571758   32.55864132   -5.06048138   12.41693270  -12.32  -4.46  -4.37
    -3.82039923     7.39241218   -1.27603997     2.29597299    7.81513105   -0.88937933    2.87098952   -6.36  -1.47  -4.97
   -16.64383658    35.72205124   -6.58277873    12.49543594   36.52888754   -4.86265677   13.94092611  -12.03  -4.70  -2.79
   -10.66208356    21.85931950   -4.10270048     7.09453545   22.46254671   -3.17514059    7.74800155   -7.59  -2.34  -2.18
   -12.39842235    24.75075963   -4.79333874     7.55899854   25.77394039   -4.47227125    9.54808664  -11.24  -3.49  -5.19
   -11.40315052    23.62360011   -4.33280905     7.88764054   24.41241415   -3.43064293    9.36934850  -10.70  -3.57  -4.91
    -6.30525074    12.10655500   -2.25277269     3.54853156   12.70017749   -1.83952430    4.77252896   -8.02  -2.13  -5.38
    -7.59528330    15.55420052   -2.65503925     5.30387796   16.17481955   -1.95159708    6.06204759   -8.43  -2.49  -4.86
   -11.71786151    23.55934631   -4.50362787     7.33785692   24.50573534   -4.04523944    9.11018166  -11.18  -3.48  -5.56
   -10.12481108    20.93967971   -3.81964518     6.99522345   21.71033265   -2.86977331    8.31161282  -10.62  -3.41  -5.72
   -13.01985363    27.05683260   -5.13606874     8.90091022   27.89010875   -3.84910560   10.70303906  -11.95  -4.01  -5.27
    -7.79561085    15.63369875   -2.96787187     4.87021602   16.00606723   -1.77422052    5.44165879   -1.12  -1.11   3.19
    -8.21838671    16.19181047   -3.02155297     4.95187079   16.84453463   -2.79815030    6.35972038   -9.70  -2.75  -6.10
    -1.67681617     2.87282554   -0.35158692     0.84442244    3.01012465   -0.19095627    1.04183477    3.12  -0.62   3.53
   -11.61689337    23.62515153   -4.27170503     7.73655314   24.35886795   -3.91657929    9.13629015  -10.78  -3.43  -5.07
   -11.13998572    22.99445371   -4.09948686     7.75498113   23.75756810   -3.30776674    8.95183799  -10.87  -3.37  -5.29
    -8.94937286    18.54169950   -3.16093284     6.43139379   19.25234046   -2.24844739    7.22908008   -8.72  -2.74  -4.24
    -8.03645509    16.20393710   -3.09932634     5.06815567   16.55305308   -2.20138905    5.57911667   -1.12  -1.09   3.36
   -27.33251839    62.05072652  -11.87867107    22.83953706   62.96580519   -9.09202067   24.34513433  -17.36  -7.51  -0.53
   -16.20041272    35.08551130   -6.56209206    12.32300652   35.94278811   -5.00500685   13.81320334  -12.72  -4.82  -3.73
   -13.94716949    28.98365567   -5.47704554     9.55944064   29.89001442   -4.38654369   11.43972183  -11.39  -4.06  -4.01
   -11.36730574    23.39187594   -4.25370362     7.77086658   24.08513714   -3.62497402    9.10751066  -11.15  -3.60  -5.64
    -9.09051913    18.83949493   -3.32600885     6.42296695   19.51327807   -2.60432721    7.37621275   -9.74  -3.03  -5.40
   -12.31624940    25.85001760   -4.72037510     8.81339310   26.65595710   -3.61718111   10.25074624  -11.38  -3.90  -5.03
   -11.12585203    23.21588394   -4.20556577     7.88446615   24.06129477   -2.74693162    9.20912130  -10.69  -3.48  -4.96
   -10.04001751    20.34482195   -3.88042725     6.42437719   20.96162407   -2.44925156    7.23179357   -3.47  -1.53   2.22
   -13.61405693    28.28850074   -5.21907385     9.45536996   29.10452826   -4.62301594   11.02233922  -11.85  -4.09  -4.92
    -7.09423417    14.29182070   -2.49048872     4.70709781   14.96006152   -1.61843570    5.66157977   -8.02  -2.31  -4.67
    -1.01794461     1.62520002   -0.20815002     0.39910539    1.68736537   -0.11894668    0.59014698    5.00  -0.56   5.03
    -4.91591417     9.66870545   -1.64160144     3.11118984   10.18990678   -1.08923673    3.75114673   -6.58  -1.67  -4.51
    -4.42527547     8.60086500   -1.52700453     2.64858500    9.06117715   -1.17912663    3.34490901   -7.29  -1.71  -5.66
   -22.16668386    48.53352793   -8.95768654    17.40915753   49.34839467   -7.73943612   18.86700393  -14.76  -6.21  -2.11
   -10.26885754    20.85452430   -3.92103531     6.66463145   21.46480152   -3.29481677    7.41664842   -7.19  -2.18  -1.96
    -9.63119823    20.14055048   -3.37028940     7.13906285   20.74208683   -1.99882676    7.79662443   -8.89  -2.74  -3.84
    -6.46505978    12.67443480   -2.29322643     3.91614859   13.29729225   -1.83827113    4.97360064   -8.41  -2.23  -5.67
   -11.23108326    23.08849031   -4.43164869     7.42575836   23.66264611   -4.55737895    8.11608784   -7.98  -2.34  -2.21
    -7.86286768    15.83778007   -2.91244598     5.06246640   16.57356819   -1.96856772    6.32555278   -8.96  -2.61  -5.26
    -7.95836731    16.02927501   -3.06438685     5.00652085   16.39017103   -2.00502051    5.55229222   -1.35  -1.12   3.07
   -10.31437435    20.88983511   -3.85415531     6.72130544   21.47446221   -3.44483577    7.47381315   -8.29  -2.32  -3.14
    -4.85222076     8.97151755   -1.34938046     2.76991634    9.04240202   -0.72507345    3.18671191   -1.22  -0.91   1.04
    -2.81618790     4.94565297   -0.83221347     1.29725160    5.19787307   -0.54579417    1.94871811   -3.13  -0.86  -2.05
   -10.73214604    22.03089027   -4.09097496     7.20776927   22.86423409   -2.39121496    8.81751597  -10.37  -3.27  -4.83
    -7.80279603    15.75585522   -3.04062742     4.91243177   16.08489729   -1.93022868    5.41932453   -0.91  -1.08   3.41
    -8.51437933    15.22674373   -2.20892958     4.50343482   15.94014507   -1.11054916    5.69886461   -1.67  -1.55   2.46
   -17.36785292    37.02757888   -6.70008323    12.95964273   37.95607278   -5.08453435   13.78974765  -10.65  -4.07  -0.93
    -9.16663033    18.38293245   -3.46040261     5.75589952   18.91601054   -2.12564169    6.51761656   -1.54  -1.30   3.67
   -17.06275645    35.03182399   -6.59141985    11.37764768   36.07778681   -5.92380034   13.57154810  -13.05  -4.58  -4.07
   -10.41348396    21.92194277   -3.83568387     7.67277494   22.61624976   -2.88545496    8.57441428  -10.11  -3.32  -4.86
    -9.13669677    18.20764988   -3.33242016     5.73853295   18.90263146   -2.55103039    7.16647252   -9.84  -2.79  -5.47
   -15.23075289    32.02850980   -5.78622074    11.01153618   32.86876782   -4.11165058   11.76500439   -9.85  -3.56  -1.65
    -7.99670521    16.04947774   -3.05225647     5.00051607   16.42404812   -2.17953080    5.59793072   -1.45  -1.14   2.99
    -6.59798978    13.19109199   -2.28954753     4.30355467   13.87147518   -1.72545851    5.13900034   -7.72  -2.18  -4.76
   -11.39667220    24.30577648   -4.20640777     8.70269651   25.00894834   -3.29350381    9.48808710  -10.69  -3.63  -4.84
   -10.24693189    20.45013876   -3.79389501     6.40931186   21.11623968   -3.47589739    7.95099869  -10.56  -3.19  -5.81
   -12.73961486    26.75565177   -4.83935085     9.17668606   27.54879687   -3.88642202   10.50096796  -11.75  -3.93  -5.19
   -12.58249031    26.13289930   -4.87933515     8.67107384   26.95014115   -3.61285722    9.50360793   -7.55  -2.68  -0.74
    -4.69236518     9.22761716   -1.55732882     2.97792317    9.69878570   -1.19472808    3.55573707   -6.78  -1.68  -4.92
    -8.32514362    17.13407315   -3.04271853     5.76621100   17.80504643   -2.24555077    6.73230639   -9.41  -2.84  -5.52
    -5.42662834    10.73286325   -1.90812516     3.39810976   11.29174585   -1.41077186    4.18100814   -7.83  -1.98  -5.63
   -11.48447866    23.87830446   -4.38496192     8.00886388   24.69291067   -2.98650714    9.50116535  -10.99  -3.49  -4.98
    -8.99340201    18.17941849   -3.42453172     5.76148476   18.64953151   -2.36580564    6.39040233   -2.09  -1.32   2.96
    -8.11991715    16.31094672   -3.13758663     5.05344294   16.73491286   -2.11217073    5.74468609   -2.12  -1.22   2.39
   -14.57343986    30.58655152   -5.70480986    10.30830180   31.49938228   -4.81717466   11.91142774  -12.59  -4.35  -5.04
   -11.84052002    23.95060309   -4.67285843     7.43722464   24.68464845   -4.69515814    8.78191108   -8.96  -2.80  -2.99
    -9.52019177    19.17983793   -3.54363552     6.11601064   19.71676269   -2.38466489    6.80452423   -1.94  -1.38   3.47
    -3.15561462     6.03280568   -1.02369209     1.85349897    6.38450930   -0.72763117    2.32262981   -5.79  -1.26  -4.73
   -16.22757361    33.77872826   -6.60739359    10.94376106   34.78987352   -5.59866116   13.27735701  -12.11  -4.48  -3.32
    -9.03613191    18.10809140   -3.41570502     5.65625448   18.63885547   -2.10452523    6.42515709   -1.27  -1.25   3.89
   -10.64768854    22.01163890   -3.88719264     7.47675772   22.76788577   -2.97887753    8.65236493  -10.11  -3.28  -4.74
    -6.87514552    13.94002637   -2.43621197     4.62866888   14.56572356   -1.73094595    5.44745799   -8.37  -2.37  -5.30
   -13.25275243    28.80587238   -5.04351158    10.50960838   29.51953273   -3.71645461   11.23555856  -11.53  -4.10  -4.39
   -13.16300411    27.76139140   -4.98143466     9.61695263   28.39411502   -4.09874807   10.79391575  -11.23  -4.00  -4.45
    -8.42178900    17.36054174   -3.08968070     5.84907205   18.03678697   -2.21174174    6.82271784   -9.50  -2.85  -5.53
    -5.75780089    11.41735359   -2.06851883     3.59103386   12.00150533   -1.59336712    4.53881306   -8.46  -2.19  -6.11
   -13.04849366    27.79334807   -5.09256917     9.65228524   28.62700290   -3.47193386   11.01425632  -11.50  -4.06  -4.55
   -10.67766857    22.41918749   -3.95322648     7.78829245   23.14997321   -2.96714036    8.78092964  -10.06  -3.32  -4.60
   -12.97180532    26.24892806   -4.96668683     8.31043591   27.19123002   -4.55214646   10.22036874  -11.76  -3.74  -5.28
    -1.77711915     2.77669405   -0.37438031     0.62519459    2.92380724   -0.24447566    1.07100672    4.14  -0.67   4.54
   -10.15943001    20.07900857   -3.81060940     6.10896916   20.97556849   -3.72780193    7.74874191  -10.31  -3.05  -5.62
   -18.37192489    39.84827660   -7.59236726    13.88398446   40.80524244   -5.81085715   15.79408709  -13.90  -5.36  -3.48
    -4.58872623     8.88025564   -1.60818282     2.68334658    9.36636134   -1.08895552    3.52561513   -7.78  -1.83  -6.09
    -1.96299407     3.52088889   -0.52928893     1.02860589    3.66402897   -0.24412430    1.32037110   -0.69  -0.60   0.01
   -11.94959273    24.09108988   -4.47593854     7.66555861   24.81041515   -3.55390777    8.79784907   -7.75  -2.33  -1.29
    -8.01475380    15.86679988   -2.85493657     4.99710951   16.62116217   -2.01487091    6.31002851   -8.40  -2.46  -4.55
    -8.06692185    16.32903677   -3.13823455     5.12388038   16.65546540   -2.24141568    5.61446763   -1.18  -1.11   3.32
    -8.69050777    17.78688010   -3.43755018     5.65882215   18.11533501   -2.46565150    6.11656323   -1.50  -1.22   3.38
    -3.58735167     6.72315253   -1.15793455     1.97786631    7.15256169   -0.77505492    2.66519617   -5.64  -1.31  -4.28
   -11.47637682    24.45742755   -4.34314540     8.63790533   25.17489110   -3.31024080    9.59804668  -10.87  -3.70  -4.98
